0.25000 0.00186 -0.00465 0.00000 -0.00002 0.00000 -0.00000 0.00003 -0.00007 0.00000 -0.00000 0.00000 -0.00000
0.50000 0.01716 -0.03563 0.00014 -0.00054 0.00000 -0.00000 0.00097 -0.00225 0.00001 -0.00002 0.00000 -0.00000
0.75000 0.06823 -0.10400 0.00107 -0.00400 0.00001 -0.00006 0.00922 -0.01773 0.00011 -0.00029 0.00000 -0.00000
1.00000 0.16739 -0.17991 0.00483 -0.01623 0.00010 -0.00044 0.05796 -0.07346 0.00096 -0.00225 0.00001 -0.00003
1.25000 0.27471 -0.22237 0.01682 -0.04663 0.00049 -0.00200 0.25720 -0.13795 0.00581 -0.01130 0.00011 -0.00025
1.50000 0.33936 -0.23552 0.04957 -0.10400 0.00179 -0.00685 0.52307 0.00044 0.03149 -0.04227 0.00064 -0.00136
1.75000 0.35083 -0.23645 0.12196 -0.18267 0.00559 -0.01909 0.63032 0.16353 0.15684 -0.09080 0.00326 -0.00577
2.00000 0.32168 -0.22581 0.23622 -0.25124 0.01596 -0.04549 0.70036 0.22335 0.37284 0.05668 0.01618 -0.02022
2.25000 0.26977 -0.19550 0.35472 -0.28342 0.04286 -0.09414 0.77504 0.21095 0.39504 0.25305 0.08060 -0.04440
2.50000 0.21396 -0.13895 0.43633 -0.29034 0.10598 -0.16597 0.84279 0.14751 0.40615 0.34300 0.20622 0.05155
2.75000 0.17231 -0.05611 0.47072 -0.29238 0.22407 -0.23656 0.88607 0.04764 0.45685 0.38955 0.19508 0.18716
3.00000 0.15965 0.04534 0.46533 -0.29480 0.37630 -0.26315 0.89116 -0.07227 0.53545 0.40804 0.18208 0.25345
3.25000 0.18488 0.15142 0.43110 -0.29177 0.50538 -0.24265 0.85150 -0.19298 0.62854 0.39731 0.20026 0.30504
3.50000 0.24901 0.24493 0.37961 -0.27492 0.58342 -0.21190 0.76922 -0.29459 0.72269 0.35505 0.24236 0.35208
3.75000 0.34461 0.30947 0.32328 -0.23837 0.61775 -0.19462 0.65503 -0.35995 0.80433 0.28238 0.30383 0.39141
4.00000 0.45713 0.33331 0.27481 -0.18107 0.62093 -0.19222 0.52638 -0.37821 0.86095 0.18531 0.38058 0.41704
4.25000 0.56778 0.31234 0.24549 -0.10747 0.60154 -0.19667 0.40411 -0.34712 0.88317 0.07462 0.46697 0.42300
4.50000 0.65754 0.25131 0.24315 -0.02684 0.56617 -0.19842 0.30822 -0.27379 0.86660 -0.03540 0.55524 0.40491
4.75000 0.71128 0.16308 0.27042 0.04858 0.52189 -0.18966 0.25376 -0.17346 0.81312 -0.12934 0.63599 0.36116
5.00000 0.72116 0.06603 0.32385 0.10621 0.47693 -0.16578 0.24761 -0.06642 0.73105 -0.19345 0.69927 0.29380
5.25000 0.68843 -0.01989 0.39430 0.13592 0.44002 -0.12621 0.28695 0.02617 0.63404 -0.21847 0.73621 0.20881
5.50000 0.62330 -0.07745 0.46856 0.13258 0.41906 -0.07456 0.35985 0.08670 0.53877 -0.20173 0.74077 0.11564
5.75000 0.54266 -0.09594 0.53199 0.09747 0.41949 -0.01804 0.44774 0.10482 0.46194 -0.14808 0.71129 0.02608
6.00000 0.46644 -0.07349 0.57163 0.03843 0.44293 0.03389 0.52948 0.07963 0.41698 -0.06926 0.65134 -0.04753
6.25000 0.41314 -0.01750 0.57908 -0.03150 0.48650 0.07141 0.58590 0.01971 0.41138 0.01810 0.56964 -0.09431
6.50000 0.39574 0.05713 0.55247 -0.09662 0.54296 0.08646 0.60396 -0.05879 0.44494 0.09570 0.47894 -0.10703
6.75000 0.41885 0.13133 0.49715 -0.14188 0.60183 0.07465 0.57954 -0.13580 0.50965 0.14718 0.39403 -0.08374
7.00000 0.47769 0.18616 0.42476 -0.15607 0.65132 0.03652 0.51823 -0.19178 0.59116 0.16137 0.32922 -0.02859
7.25000 0.55929 0.20710 0.35088 -0.13434 0.68061 -0.02222 0.43395 -0.21209 0.67157 0.13466 0.29588 0.04847
7.50000 0.64546 0.18728 0.29180 -0.07934 0.68220 -0.09143 0.34574 -0.19012 0.73313 0.07174 0.30023 0.13331
7.75000 0.71689 0.12896 0.26101 -0.00084 0.65354 -0.15840 0.27348 -0.12873 0.76188 -0.01532 0.34202 0.21008
8.00000 0.75755 0.04295 0.26631 0.08632 0.59788 -0.21028 0.23344 -0.03947 0.75059 -0.10952 0.41439 0.26415
8.25000 0.75818 -0.05388 0.30805 0.16535 0.52384 -0.23666 0.23476 0.06008 0.70022 -0.19251 0.50492 0.28494
8.50000 0.71825 -0.14247 0.37907 0.22104 0.44381 -0.23179 0.27752 0.15034 0.61970 -0.24832 0.59789 0.26800
8.75000 0.64596 -0.20581 0.46621 0.24305 0.37160 -0.19582 0.35297 0.21405 0.52398 -0.26675 0.67721 0.21591
9.00000 0.55616 -0.23267 0.55319 0.22803 0.31962 -0.13494 0.44566 0.24001 0.43079 -0.24531 0.72952 0.13782
9.25000 0.46690 -0.21994 0.62412 0.18027 0.29637 -0.06011 0.53704 0.22542 0.35690 -0.18968 0.74672 0.04762
9.50000 0.39531 -0.17303 0.66688 0.11063 0.30468 0.01511 0.60969 0.17615 0.31454 -0.11222 0.72756 -0.03877
9.75000 0.35383 -0.10437 0.67570 0.03400 0.34114 0.07739 0.65115 0.10514 0.30897 -0.02922 0.67779 -0.10667
10.00000 0.34759 -0.03030 0.65215 -0.03400 0.39687 0.11636 0.65647 0.02918 0.33756 0.04278 0.60885 -0.14553
10.25000 0.37362 0.03276 0.60464 -0.08048 0.45945 0.12679 0.62897 -0.03502 0.39068 0.09057 0.53544 -0.15099
10.50000 0.42187 0.07211 0.54620 -0.09807 0.51562 0.10953 0.57911 -0.07466 0.45406 0.10698 0.47238 -0.12564
10.75000 0.47794 0.08148 0.49148 -0.08629 0.55416 0.07125 0.52168 -0.08359 0.51214 0.09228 0.43153 -0.07825
11.00000 0.52667 0.06219 0.45326 -0.05142 0.56822 0.02281 0.47213 -0.06334 0.55168 0.05371 0.41939 -0.02174
11.25000 0.55573 0.02241 0.43969 -0.00474 0.55674 -0.02325 0.44288 -0.02245 0.56458 0.00359 0.43585 0.02976
11.50000 0.55848 -0.02512 0.45250 0.04031 0.52452 -0.05552 0.44054 0.02602 0.54959 -0.04380 0.47446 0.06401
11.75000 0.53531 -0.06638 0.48692 0.07138 0.48094 -0.06630 0.46454 0.06784 0.51225 -0.07563 0.52409 0.07329
12.00000 0.49321 -0.08964 0.53302 0.08008 0.43770 -0.05324 0.50761 0.09113 0.46335 -0.08348 0.57154 0.05600
12.25000 0.44378 -0.08820 0.57830 0.06394 0.40608 -0.01974 0.55788 0.08921 0.41611 -0.06518 0.60464 0.01684
12.50000 0.40018 -0.06190 0.61082 0.02672 0.39428 0.02600 0.60198 0.06207 0.38296 -0.02512 0.61497 -0.03452
12.75000 0.37381 -0.01692 0.62205 -0.02261 0.40561 0.07298 0.62839 0.01612 0.37252 0.02700 0.59971 -0.08573
13.00000 0.37145 0.03592 0.60890 -0.07228 0.43778 0.11009 0.63033 -0.03759 0.38765 0.07875 0.56214 -0.12474
13.25000 0.39379 0.08406 0.57430 -0.11060 0.48361 0.12872 0.60723 -0.08630 0.42493 0.11799 0.51073 -0.14260
13.50000 0.43537 0.11639 0.52633 -0.12890 0.53279 0.12476 0.56474 -0.11878 0.47565 0.13590 0.45702 -0.13550
13.75000 0.48612 0.12595 0.47613 -0.12355 0.57442 0.09951 0.51313 -0.12807 0.52806 0.12899 0.41279 -0.10551
14.00000 0.53408 0.11162 0.43505 -0.09672 0.59966 0.05923 0.46454 -0.11313 0.57040 0.09986 0.38734 -0.05998
14.25000 0.56840 0.07821 0.41181 -0.05574 0.60379 0.01357 0.42995 -0.07893 0.59373 0.05636 0.38523 -0.00967
14.50000 0.58211 0.03508 0.41047 -0.01109 0.58730 -0.02689 0.41634 -0.03502 0.59410 0.00954 0.40538 0.03393
14.75000 0.57376 -0.00640 0.42942 0.02627 0.55563 -0.05322 0.42510 0.00706 0.57343 -0.02922 0.44143 0.06140
15.00000 0.54765 -0.03579 0.46204 0.04770 0.51777 -0.06029 0.45181 0.03676 0.53881 -0.05107 0.48338 0.06760
15.25000 0.51256 -0.04629 0.49842 0.04902 0.48392 -0.04804 0.48751 0.04725 0.50064 -0.05187 0.52019 0.05288
15.50000 0.47936 -0.03644 0.52801 0.03152 0.46293 -0.02132 0.52118 0.03711 0.46986 -0.03314 0.54247 0.02289
15.75000 0.45810 -0.01039 0.54239 0.00151 0.46005 0.01131 0.54269 0.01060 0.45511 -0.00158 0.54486 -0.01296
16.00000 0.45530 0.02324 0.53744 -0.03137 0.47563 0.03986 0.54546 -0.02353 0.46052 0.03273 0.52735 -0.04389
16.25000 0.47227 0.05375 0.51443 -0.05673 0.50503 0.05548 0.52821 -0.05442 0.48463 0.05902 0.49520 -0.06050
16.50000 0.50472 0.07120 0.47966 -0.06617 0.53978 0.05278 0.49533 -0.07205 0.52080 0.06869 0.45765 -0.05725
16.75000 0.54388 0.06910 0.44286 -0.05555 0.56980 0.03123 0.45571 -0.06989 0.55890 0.05755 0.42553 -0.03382
17.00000 0.57881 0.04626 0.41465 -0.02614 0.58597 -0.00458 0.42041 -0.04675 0.58797 0.02705 0.40848 0.00466
17.25000 0.59928 0.00712 0.40373 0.01560 0.58251 -0.04607 0.39975 -0.00717 0.59912 -0.01609 0.41247 0.04892
17.50000 0.59856 -0.03923 0.41452 0.05961 0.55860 -0.08275 0.40054 0.03964 0.58785 -0.06144 0.43818 0.08779
17.75000 0.57521 -0.08135 0.44593 0.09478 0.51870 -0.10492 0.42416 0.08215 0.55539 -0.09755 0.48069 0.11103
18.00000 0.53370 -0.10843 0.49144 0.11177 0.47159 -0.10612 0.46608 0.10944 0.50850 -0.11488 0.53060 0.11198
18.25000 0.48336 -0.11309 0.54068 0.10552 0.42825 -0.08495 0.51688 0.11409 0.45792 -0.10830 0.57627 0.08930
18.50000 0.43613 -0.09338 0.58188 0.07665 0.39918 -0.04552 0.56452 0.09417 0.41570 -0.07854 0.60670 0.04750
18.75000 0.40354 -0.05348 0.60492 0.03149 0.39172 0.00338 0.59735 0.05390 0.39218 -0.03213 0.61428 -0.00406
19.00000 0.39378 -0.00276 0.60389 -0.01939 0.40812 0.05032 0.60715 0.00275 0.39336 0.02003 0.59677 -0.05336
19.25000 0.40952 0.04646 0.57872 -0.06368 0.44484 0.08403 0.59125 -0.04686 0.41924 0.06537 0.55803 -0.08860
19.50000 0.44707 0.08193 0.53534 -0.09045 0.49327 0.09618 0.55339 -0.08259 0.46371 0.09269 0.50718 -0.10115
19.75000 0.49718 0.09462 0.48437 -0.09284 0.54167 0.08354 0.50289 -0.09535 0.51586 0.09507 0.45653 -0.08776
20.00000 0.54722 0.08102 0.43857 -0.06994 0.57803 0.04889 0.45249 -0.08164 0.56265 0.07162 0.41860 -0.05146
20.25000 0.58430 0.04420 0.40971 -0.02718 0.59299 0.00055 0.41517 -0.04456 0.59209 0.02794 0.40306 -0.00099
20.50000 0.59847 -0.00681 0.40561 0.02492 0.58225 -0.04955 0.40091 0.00679 0.59624 -0.02521 0.41430 0.05117
20.75000 0.58534 -0.05915 0.42811 0.07319 0.54775 -0.08871 0.41413 0.05945 0.57330 -0.07439 0.45019 0.09183
21.00000 0.54727 -0.09923 0.47240 0.10500 0.49738 -0.10654 0.45243 0.09977 0.52818 -0.10676 0.50246 0.11025
21.25000 0.49300 -0.11616 0.52811 0.11149 0.44319 -0.09755 0.50702 0.11678 0.47151 -0.11331 0.55855 0.10087
21.50000 0.43560 -0.10448 0.58163 0.08975 0.39861 -0.06271 0.56472 0.10502 0.41711 -0.09117 0.60459 0.06476
21.75000 0.38938 -0.06569 0.61949 0.04381 0.37515 -0.00931 0.61117 0.06601 0.37870 -0.04446 0.62868 0.00957
22.00000 0.36635 -0.00807 0.63157 -0.01623 0.37963 0.05055 0.63430 0.00808 0.36651 0.01653 0.62391 -0.05217
22.25000 0.37319 0.05521 0.61372 -0.07648 0.41230 0.10282 0.62739 -0.05551 0.38472 0.07767 0.59008 -0.10594
22.50000 0.40953 0.10918 0.56892 -0.12257 0.46669 0.13477 0.59085 -0.10971 0.43024 0.12435 0.53398 -0.13866
22.75000 0.46780 0.14067 0.50674 -0.14306 0.53092 0.13815 0.53229 -0.14132 0.49334 0.14503 0.46788 -0.14191
23.00000 0.53497 0.14158 0.44117 -0.13236 0.59042 0.11121 0.46481 -0.14219 0.55980 0.13406 0.40679 -0.11400
23.25000 0.59554 0.11095 0.38737 -0.09216 0.63138 0.05935 0.40398 -0.11139 0.61426 0.09322 0.36490 -0.06055
23.50000 0.63526 0.05533 0.35804 -0.03118 0.64399 -0.00609 0.36413 -0.05550 0.64386 0.03137 0.35221 0.00670
23.75000 0.64458 -0.01267 0.36034 0.03677 0.62490 -0.07032 0.35481 0.01279 0.64141 -0.03745 0.37206 0.07253
24.00000 0.62102 -0.07728 0.39407 0.09598 0.57809 -0.11856 0.37851 0.07765 0.60714 -0.09734 0.42025 0.12183
24.25000 0.56989 -0.12332 0.45161 0.13261 0.51413 -0.13955 0.42988 0.12385 0.54881 -0.13431 0.48589 0.14310
24.50000 0.50311 -0.13987 0.51963 0.13796 0.44772 -0.12826 0.49693 0.14043 0.47997 -0.13960 0.55388 0.13127
24.75000 0.43646 -0.12290 0.58215 0.11064 0.39432 -0.08714 0.56384 0.12335 0.41676 -0.11185 0.60839 0.08897
25.00000 0.38580 -0.07634 0.62436 0.05700 0.36650 -0.02570 0.61466 0.07658 0.37417 -0.05750 0.63662 0.02599
25.25000 0.36333 -0.01121 0.63614 -0.01034 0.37095 0.04172 0.63717 0.01120 0.36239 0.01061 0.63181 -0.04294
25.50000 0.37460 0.05693 0.61449 -0.07537 0.40681 0.09920 0.62582 -0.05717 0.38440 0.07631 0.59494 -0.10155
25.75000 0.41712 0.11169 0.56436 -0.12251 0.46583 0.13303 0.58311 -0.11210 0.43515 0.12385 0.53452 -0.13588
26.00000 0.48093 0.13976 0.49750 -0.14030 0.53421 0.13496 0.51906 -0.14023 0.50273 0.14169 0.46471 -0.13758
26.25000 0.55086 0.13410 0.42975 -0.12417 0.59580 0.10419 0.44890 -0.13450 0.57113 0.12526 0.40199 -0.10592
26.50000 0.61018 0.09568 0.37730 -0.07758 0.63593 0.04760 0.38941 -0.09591 0.62400 0.07811 0.36129 -0.04804
26.75000 0.64456 0.03330 0.35284 -0.01125 0.64484 -0.02175 0.35498 -0.03332 0.64856 0.01109 0.35251 0.02269
27.00000 0.64549 -0.03843 0.36249 0.05932 0.62003 -0.08770 0.35409 0.03864 0.63866 -0.06013 0.37808 0.08979
27.25000 0.61240 -0.10262 0.40439 0.11752 0.56693 -0.13475 0.38733 0.10300 0.59625 -0.11878 0.43239 0.13748
27.50000 0.55276 -0.14403 0.46899 0.14956 0.49761 -0.15174 0.44718 0.14449 0.53098 -0.15096 0.50306 0.15447
27.75000 0.48041 -0.15277 0.54136 0.14774 0.42804 -0.13447 0.51975 0.15320 0.45797 -0.14896 0.57381 0.13656
28.00000 0.41223 -0.12664 0.60468 0.11231 0.37432 -0.08673 0.58811 0.12694 0.39417 -0.11307 0.62825 0.08771
28.25000 0.36416 -0.07167 0.64420 0.05143 0.34891 -0.01945 0.63628 0.07178 0.35445 -0.05156 0.65379 0.01914
28.50000 0.34739 -0.00072 0.65074 -0.02076 0.35767 0.05186 0.65304 0.00062 0.34802 0.02125 0.64454 -0.05336
28.75000 0.36573 0.06958 0.62290 -0.08743 0.39850 0.11074 0.63460 -0.06987 0.37625 0.08842 0.60274 -0.11304
29.00000 0.41467 0.12281 0.56734 -0.13312 0.46182 0.14364 0.58548 -0.12321 0.43238 0.13436 0.53821 -0.14620
29.25000 0.48251 0.14664 0.49723 -0.14732 0.53279 0.14313 0.51744 -0.14705 0.50309 0.14851 0.46607 -0.14534
29.50000 0.55311 0.13573 0.42911 -0.12700 0.59488 0.10961 0.44666 -0.13606 0.57172 0.12788 0.40313 -0.11099
29.75000 0.60979 0.09304 0.37896 -0.07728 0.63368 0.05121 0.38987 -0.09321 0.62215 0.07765 0.36398 -0.05149
30.00000 0.63926 0.02901 0.35841 -0.01020 0.64035 -0.01813 0.36036 -0.02900 0.64271 0.01000 0.35753 0.01898
30.25000 0.63482 -0.04088 0.37202 0.05817 0.61363 -0.08201 0.36487 0.04107 0.62884 -0.05887 0.38495 0.08372
30.50000 0.59788 -0.09990 0.41620 0.11158 0.56018 -0.12540 0.40195 0.10021 0.58421 -0.11258 0.43942 0.12753
30.75000 0.53760 -0.13402 0.48012 0.13745 0.49289 -0.13822 0.46240 0.13437 0.51975 -0.13850 0.50778 0.14024
31.00000 0.46866 -0.13529 0.54835 0.12983 0.42784 -0.11769 0.53151 0.13559 0.45103 -0.13067 0.57369 0.11911
31.25000 0.40768 -0.10367 0.60454 0.09083 0.38049 -0.06896 0.59261 0.10385 0.39453 -0.09126 0.62151 0.06945
31.50000 0.36925 -0.04701 0.63531 0.03000 0.36196 -0.00381 0.63108 0.04703 0.36367 -0.02993 0.64001 0.00328
31.75000 0.36246 0.02091 0.63349 -0.03795 0.37648 0.06215 0.63784 -0.02105 0.36566 0.03849 0.62498 -0.06355
32.00000 0.38871 0.08369 0.59973 -0.09671 0.42039 0.11323 0.61148 -0.08396 0.39979 0.09758 0.58023 -0.11514
32.25000 0.44149 0.12632 0.54230 -0.13230 0.48305 0.13738 0.55856 -0.12665 0.45769 0.13330 0.51660 -0.13934
32.50000 0.50794 0.13873 0.47509 -0.13641 0.54946 0.12907 0.49195 -0.13903 0.52537 0.13728 0.44932 -0.13061
32.75000 0.57204 0.11819 0.41421 -0.10829 0.60384 0.09050 0.42771 -0.11841 0.58659 0.10884 0.39437 -0.09128
33.00000 0.61850 0.06993 0.37412 -0.05494 0.63340 0.03109 0.38119 -0.07001 0.62683 0.05505 0.36468 -0.03094
33.25000 0.63636 0.00578 0.36415 0.01066 0.63138 -0.03488 0.36333 -0.00570 0.63672 -0.01101 0.36702 0.03589
33.50000 0.62171 -0.05873 0.38635 0.07274 0.59860 -0.09168 0.37807 0.05894 0.61425 -0.07345 0.40048 0.09329
33.75000 0.57845 -0.10814 0.43500 0.11652 0.54322 -0.12594 0.42146 0.10842 0.56519 -0.11740 0.45672 0.12776
34.00000 0.51737 -0.13079 0.49812 0.13176 0.47872 -0.12980 0.48268 0.13108 0.50163 -0.13261 0.52207 0.13139
34.25000 0.45343 -0.12162 0.56036 0.11523 0.42062 -0.10277 0.54675 0.12184 0.43904 -0.11585 0.58080 0.10377
34.50000 0.40210 -0.08332 0.60675 0.07137 0.38271 -0.05176 0.59815 0.08343 0.39245 -0.07162 0.61897 0.05196
34.75000 0.37564 -0.02561 0.62634 0.01118 0.37382 0.01063 0.62463 0.02558 0.37286 -0.01102 0.62772 -0.01123
35.00000 0.38010 0.03720 0.61478 -0.05052 0.39566 0.06919 0.62013 -0.03735 0.38461 0.05104 0.60537 -0.07043
35.25000 0.41394 0.08970 0.57532 -0.09872 0.44251 0.10982 0.58618 -0.08994 0.42440 0.09945 0.55779 -0.11137
35.50000 0.46849 0.11921 0.51796 -0.12184 0.50268 0.12290 0.53150 -0.11946 0.48215 0.12260 0.49684 -0.12438
35.75000 0.53011 0.11876 0.45695 -0.11454 0.56136 0.10559 0.46976 -0.11898 0.54350 0.11515 0.43753 -0.10664
36.00000 0.58356 0.08882 0.40729 -0.07896 0.60426 0.06246 0.41623 -0.08894 0.59339 0.07927 0.39429 -0.06283
36.25000 0.61577 0.03706 0.38104 -0.02413 0.62105 0.00431 0.38399 -0.03706 0.61969 0.02407 0.37752 -0.00394
36.50000 0.61898 -0.02355 0.38445 0.03630 0.60787 -0.05450 0.38080 0.02367 0.61616 -0.03670 0.39107 0.05550
36.75000 0.59266 -0.07799 0.41643 0.08742 0.56818 -0.09956 0.40721 0.07819 0.58390 -0.08805 0.43137 0.10093
37.00000 0.54351 -0.11287 0.46890 0.11671 0.51192 -0.11993 0.45647 0.11310 0.53109 -0.11742 0.48834 0.12133
37.25000 0.48383 -0.11970 0.52880 0.11713 0.45297 -0.11078 0.51627 0.11992 0.47085 -0.11774 0.54792 0.11188
37.50000 0.42840 -0.09700 0.58136 0.08874 0.40580 -0.07455 0.57178 0.09714 0.41805 -0.08911 0.59549 0.07509
37.75000 0.39089 -0.05054 0.61367 0.03872 0.38189 -0.02028 0.60933 0.05058 0.38565 -0.03876 0.61948 0.02014
38.00000 0.38044 0.00807 0.61791 -0.02050 0.38698 0.03863 0.61978 -0.00815 0.38148 0.02079 0.61415 -0.03940
38.25000 0.39946 0.06429 0.59320 -0.07429 0.41964 0.08771 0.60069 -0.06445 0.40640 0.07483 0.58098 -0.08890
38.50000 0.44309 0.10424 0.54580 -0.10943 0.47171 0.11497 0.55696 -0.10446 0.45411 0.11008 0.52827 -0.11629
38.75000 0.50040 0.11816 0.48751 -0.11736 0.53029 0.11385 0.49954 -0.11837 0.51271 0.11796 0.46908 -0.11498
39.00000 0.55713 0.10273 0.43279 -0.09628 0.58094 0.08477 0.44272 -0.10289 0.56768 0.09669 0.41798 -0.08545
39.25000 0.59923 0.06195 0.39514 -0.05155 0.61125 0.03503 0.40057 -0.06201 0.60547 0.05168 0.38750 -0.03511
39.50000 0.61633 0.00604 0.38379 0.00565 0.61384 -0.02300 0.38347 -0.00601 0.61680 -0.00582 0.38505 0.02352
39.75000 0.60428 -0.05103 0.40144 0.06109 0.58817 -0.07497 0.39557 0.05115 0.59898 -0.06151 0.41111 0.07594
40.00000 0.56618 -0.09506 0.44362 0.10101 0.54071 -0.10805 0.43374 0.09524 0.55654 -0.10158 0.45914 0.10922
40.25000 0.51160 -0.11512 0.49978 0.11555 0.48324 -0.11410 0.48843 0.11532 0.50009 -0.11612 0.51719 0.11518
40.50000 0.45415 -0.10625 0.55593 0.10112 0.43002 -0.09166 0.54596 0.10641 0.44368 -0.10155 0.57087 0.09239
40.75000 0.40818 -0.07068 0.59811 0.06133 0.39425 -0.04631 0.59199 0.07075 0.40136 -0.06152 0.60687 0.04652
41.00000 0.38516 -0.01726 0.61580 0.00608 0.38480 0.01071 0.61503 0.01724 0.38365 -0.00598 0.61627 -0.01106
41.25000 0.39086 0.04070 0.60457 -0.05092 0.40406 0.06527 0.60929 -0.04081 0.39500 0.05126 0.59670 -0.06608
41.50000 0.42393 0.08876 0.56714 -0.09547 0.44732 0.10385 0.57615 -0.08893 0.43265 0.09598 0.55295 -0.10492
41.75000 0.47622 0.11492 0.51275 -0.11647 0.50394 0.11683 0.52378 -0.11510 0.48731 0.11702 0.49579 -0.11789
42.00000 0.53477 0.11257 0.45483 -0.10862 0.55993 0.10090 0.46515 -0.11273 0.54548 0.10906 0.43933 -0.10169
42.25000 0.58504 0.08220 0.40776 -0.07373 0.60146 0.05989 0.41480 -0.08229 0.59272 0.07397 0.39752 -0.06023
42.50000 0.61453 0.03121 0.38324 -0.02035 0.61819 0.00381 0.38529 -0.03123 0.61729 0.02033 0.38077 -0.00363
42.75000 0.61581 -0.02782 0.38745 0.03839 0.60587 -0.05355 0.38404 0.02789 0.61300 -0.03866 0.39331 0.05421
43.00000 0.58842 -0.08031 0.41949 0.08800 0.56741 -0.09807 0.41147 0.08045 0.58078 -0.08845 0.43219 0.09903
43.25000 0.53903 -0.11323 0.47157 0.11616 0.51215 -0.11870 0.46095 0.11340 0.52845 -0.11667 0.48795 0.11973
43.50000 0.47974 -0.11833 0.53093 0.11581 0.45362 -0.11025 0.52032 0.11849 0.46884 -0.11627 0.54695 0.11109
43.75000 0.42517 -0.09422 0.58295 0.08691 0.40621 -0.07466 0.57495 0.09432 0.41664 -0.08720 0.59469 0.07512
44.00000 0.38884 -0.04671 0.61476 0.03644 0.38163 -0.02054 0.61132 0.04675 0.38475 -0.03649 0.61937 0.02052
44.25000 0.37981 0.01256 0.61841 -0.02326 0.38604 0.03889 0.62035 -0.01261 0.38114 0.02345 0.61481 -0.03938
44.50000 0.40044 0.06902 0.59287 -0.07752 0.41851 0.08905 0.59967 -0.06914 0.40683 0.07790 0.58200 -0.08988
44.75000 0.44580 0.10872 0.54427 -0.11294 0.47120 0.11757 0.55424 -0.10887 0.45564 0.11341 0.52884 -0.11852
45.00000 0.50482 0.12176 0.48447 -0.12068 0.53128 0.11731 0.49514 -0.12191 0.51568 0.12113 0.46830 -0.11816
45.25000 0.56302 0.10478 0.42813 -0.09870 0.58405 0.08820 0.43688 -0.10490 0.57221 0.09902 0.41519 -0.08873
45.50000 0.60603 0.06181 0.38913 -0.05223 0.61649 0.03719 0.39382 -0.06185 0.61131 0.05234 0.38259 -0.03729
45.75000 0.62318 0.00326 0.37718 0.00744 0.62054 -0.02332 0.37666 -0.00324 0.62326 -0.00756 0.37861 0.02367
46.00000 0.61008 -0.05652 0.39537 0.06573 0.59503 -0.07855 0.38980 0.05662 0.60496 -0.06604 0.40440 0.07926
46.25000 0.56977 -0.10284 0.43942 0.10831 0.54602 -0.11496 0.43016 0.10298 0.56072 -0.10873 0.45381 0.11585
46.50000 0.51199 -0.12424 0.49868 0.12463 0.48536 -0.12350 0.48802 0.12438 0.50123 -0.12506 0.51492 0.12435
46.75000 0.45083 -0.11529 0.55872 0.11052 0.42781 -0.10191 0.54925 0.11541 0.44099 -0.11087 0.57283 0.10252
47.00000 0.40126 -0.07802 0.60484 0.06927 0.38745 -0.05529 0.59886 0.07808 0.39475 -0.06944 0.61340 0.05551
47.25000 0.37551 -0.02138 0.62567 0.01079 0.37423 0.00515 0.62463 0.02138 0.37389 -0.01075 0.62661 -0.00536
47.50000 0.38002 0.04085 0.61597 -0.05071 0.39154 0.06474 0.62010 -0.04093 0.38367 0.05095 0.60909 -0.06533
47.75000 0.41385 0.09350 0.57794 -0.10023 0.43533 0.10897 0.58622 -0.09363 0.42187 0.10061 0.56494 -0.10978
48.00000 0.46888 0.12363 0.52071 -0.12563 0.49509 0.12698 0.53112 -0.12378 0.47930 0.12605 0.50477 -0.12782
48.25000 0.53179 0.12379 0.45815 -0.12059 0.55635 0.11425 0.46815 -0.12392 0.54207 0.12094 0.44313 -0.11492
48.50000 0.58724 0.09378 0.40547 -0.08619 0.60423 0.07374 0.41265 -0.09387 0.59489 0.08640 0.39501 -0.07409
48.75000 0.62167 0.04081 0.37555 -0.03069 0.62703 0.01517 0.37819 -0.04084 0.62486 0.03070 0.37214 -0.01511
49.00000 0.62661 -0.02230 0.37577 0.03248 0.61912 -0.04731 0.37326 0.02234 0.62459 -0.03267 0.38020 0.04775
49.25000 0.60075 -0.08021 0.40619 0.08798 0.58229 -0.09855 0.39917 0.08030 0.59404 -0.08833 0.41733 0.09925
49.50000 0.55027 -0.11877 0.45952 0.12228 0.52538 -0.12606 0.44971 0.11889 0.54053 -0.12269 0.47463 0.12685
49.75000 0.48739 -0.12854 0.52285 0.12696 0.46214 -0.12309 0.51265 0.12866 0.47701 -0.12734 0.53826 0.12377
50.00000 0.42741 -0.10705 0.58082 0.10079 0.40788 -0.09026 0.57270 0.10713 0.41889 -0.10105 0.59279 0.09067
50.25000 0.38492 -0.05944 0.61931 0.05005 0.37581 -0.03545 0.61521 0.05946 0.38032 -0.05013 0.62498 0.03549
50.50000 0.37033 0.00276 0.62891 -0.01300 0.37375 0.02811 0.62981 -0.00280 0.37073 0.01311 0.62695 -0.02844
50.75000 0.38725 0.06446 0.60723 -0.07305 0.40230 0.08503 0.61286 -0.06455 0.39252 0.07332 0.59816 -0.08565
51.00000 0.43163 0.11063 0.55945 -0.11552 0.45460 0.12149 0.56842 -0.11076 0.44047 0.11588 0.54552 -0.12224
51.25000 0.49275 0.13001 0.49712 -0.13005 0.51802 0.12860 0.50725 -0.13014 0.50298 0.13040 0.48173 -0.12931
51.50000 0.55575 0.11784 0.43536 -0.11305 0.57722 0.10460 0.44419 -0.11794 0.56490 0.11331 0.42223 -0.10509
51.75000 0.60534 0.07702 0.38917 -0.06859 0.61785 0.05523 0.39457 -0.07707 0.61120 0.06871 0.38144 -0.05539
52.00000 0.62942 0.01743 0.36977 -0.00744 0.63004 -0.00759 0.37047 -0.01742 0.63061 0.00737 0.36928 0.00779
52.25000 0.62213 -0.04646 0.38191 0.05560 0.61079 -0.06865 0.37779 0.04652 0.61839 -0.05582 0.38871 0.06916
52.50000 0.58520 -0.09913 0.42268 0.10522 0.56474 -0.11318 0.41477 0.09924 0.57748 -0.10555 0.43507 0.11387
52.75000 0.52758 -0.12778 0.48221 0.12938 0.50302 -0.13038 0.47244 0.12790 0.51778 -0.12974 0.49715 0.13107
53.00000 0.46327 -0.12545 0.54605 0.12221 0.44055 -0.11606 0.53681 0.12555 0.45377 -0.12250 0.55994 0.11660
53.25000 0.40788 -0.09268 0.59874 0.08543 0.39245 -0.07370 0.59224 0.09274 0.40097 -0.08560 0.60822 0.07394
53.50000 0.37487 -0.03745 0.62748 0.02798 0.37039 -0.01353 0.62527 0.03746 0.37220 -0.02798 0.63032 0.01344
53.75000 0.37225 0.02682 0.62532 -0.03620 0.37968 0.04986 0.62788 -0.02686 0.37441 0.03637 0.62090 -0.05027
54.00000 0.40064 0.08451 0.59279 -0.09155 0.41806 0.10113 0.59945 -0.08460 0.40706 0.09183 0.58225 -0.10175
54.25000 0.45311 0.12161 0.53781 -0.12462 0.47623 0.12787 0.54693 -0.12172 0.46220 0.12496 0.52376 -0.12854
54.50000 0.51689 0.12912 0.47374 -0.12743 0.54007 0.12362 0.48310 -0.12922 0.52643 0.12773 0.45961 -0.12419
54.75000 0.57647 0.10525 0.41616 -0.09932 0.59411 0.08944 0.42348 -0.10532 0.58414 0.09951 0.40535 -0.08977
55.00000 0.61736 0.05585 0.37903 -0.04715 0.62526 0.03366 0.38257 -0.05588 0.62133 0.04719 0.37411 -0.03368
55.25000 0.62964 -0.00703 0.37134 0.01636 0.62601 -0.03017 0.37028 0.00706 0.62899 -0.01648 0.37344 0.03047
55.50000 0.61039 -0.06808 0.39491 0.07578 0.59622 -0.08657 0.38957 0.06816 0.60533 -0.07603 0.40345 0.08710
55.75000 0.56432 -0.11245 0.44397 0.11667 0.54316 -0.12187 0.43568 0.11255 0.55612 -0.11698 0.45681 0.12250
56.00000 0.50271 -0.12936 0.50655 0.12912 0.47975 -0.12755 0.49735 0.12946 0.49339 -0.12943 0.52053 0.12812
56.25000 0.44058 -0.11476 0.56740 0.11017 0.42138 -0.10226 0.55953 0.11483 0.43241 -0.11039 0.57914 0.10264
56.50000 0.39305 -0.07226 0.61174 0.06447 0.38223 -0.05222 0.60708 0.07229 0.38800 -0.06456 0.61842 0.05232
56.75000 0.37168 -0.01226 0.62881 0.00320 0.37175 0.01038 0.62846 0.01224 0.37093 -0.00313 0.62887 -0.01059
57.00000 0.38161 0.05057 0.61451 -0.05871 0.39243 0.07031 0.61851 -0.05064 0.38529 0.05890 0.60801 -0.07078
57.25000 0.42035 0.10093 0.57240 -0.10618 0.43919 0.11303 0.57972 -0.10103 0.42753 0.10645 0.56098 -0.11363
57.50000 0.47841 0.12657 0.51278 -0.12769 0.50061 0.12818 0.52162 -0.12668 0.48730 0.12797 0.49927 -0.12877
57.75000 0.54158 0.12129 0.45021 -0.11807 0.56172 0.11214 0.45840 -0.12139 0.55001 0.11829 0.43790 -0.11259
58.00000 0.59444 0.08646 0.39993 -0.07972 0.60768 0.06889 0.40551 -0.08652 0.60037 0.07982 0.39180 -0.06909
58.25000 0.62413 0.03064 0.37418 -0.02207 0.62733 0.00900 0.37581 -0.03066 0.62614 0.02203 0.37213 -0.00892
58.50000 0.62345 -0.03250 0.37916 0.04080 0.61595 -0.05291 0.37649 0.03253 0.62111 -0.04098 0.38363 0.05325
58.75000 0.59266 -0.08753 0.41359 0.09354 0.57640 -0.10178 0.40732 0.08759 0.58658 -0.09381 0.42342 0.10228
59.00000 0.53933 -0.12104 0.46899 0.12331 0.51836 -0.12573 0.46069 0.12110 0.53103 -0.12362 0.48173 0.12626
59.25000 0.47655 -0.12488 0.53181 0.12291 0.45601 -0.11899 0.52352 0.12494 0.46808 -0.12319 0.54433 0.11942
59.50000 0.41968 -0.09821 0.58669 0.09251 0.40456 -0.08329 0.58042 0.09823 0.41310 -0.09269 0.59595 0.08350
59.75000 0.38261 -0.04760 0.62025 0.03959 0.37652 -0.02738 0.61750 0.04757 0.37950 -0.03965 0.62405 0.02732
60.00000 0.37435 0.01451 0.62435 -0.02285 0.37867 0.03506 0.62575 -0.01458 0.37542 0.02293 0.62181 -0.03538
60.25000 0.39686 0.07290 0.59805 -0.07956 0.41042 0.08877 0.60322 -0.07301 0.40181 0.07974 0.58987 -0.08928
60.50000 0.44455 0.11330 0.54784 -0.11668 0.46396 0.12068 0.55548 -0.11343 0.45213 0.11690 0.53607 -0.12126
60.75000 0.50571 0.12585 0.48606 -0.12518 0.52617 0.12304 0.49427 -0.12598 0.51404 0.12538 0.47360 -0.12356
61.00000 0.56533 0.10755 0.42782 -0.10304 0.58185 0.09534 0.43461 -0.10766 0.57238 0.10316 0.41772 -0.09569
61.25000 0.60882 0.06294 0.38738 -0.05574 0.61741 0.04439 0.39110 -0.06301 0.61287 0.05574 0.38206 -0.04450
61.50000 0.62555 0.00299 0.37458 0.00511 0.62420 -0.01731 0.37436 -0.00301 0.62565 -0.00523 0.37531 0.01745
61.75000 0.61148 -0.05759 0.39252 0.06458 0.60062 -0.07466 0.38845 0.05760 0.60765 -0.06481 0.39904 0.07501
62.00000 0.57010 -0.10394 0.43675 0.10812 0.55247 -0.11366 0.42985 0.10397 0.56330 -0.10841 0.44742 0.11412
62.25000 0.51160 -0.12473 0.49639 0.12510 0.49156 -0.12480 0.48839 0.12477 0.50353 -0.12539 0.50857 0.12524
62.50000 0.45034 -0.11491 0.55682 0.11140 0.43281 -0.10540 0.54968 0.11493 0.44298 -0.11163 0.56752 0.10571
62.75000 0.40135 -0.07691 0.60324 0.07041 0.39058 -0.06024 0.59869 0.07690 0.39649 -0.07053 0.60986 0.06033
63.00000 0.37663 -0.02010 0.62428 0.01222 0.37518 -0.00040 0.62341 0.02006 0.37543 -0.01221 0.62525 0.00025
63.25000 0.38220 0.04157 0.61483 -0.04891 0.39035 0.05946 0.61782 -0.04164 0.38493 0.04903 0.60996 -0.05982
63.50000 0.41668 0.09296 0.57723 -0.09797 0.43234 0.10470 0.58331 -0.09306 0.42262 0.09817 0.56777 -0.10517
63.75000 0.47156 0.12148 0.52072 -0.12297 0.49085 0.12425 0.52839 -0.12158 0.47924 0.12319 0.50902 -0.12474
64.00000 0.53337 0.12016 0.45918 -0.11778 0.55154 0.11336 0.46653 -0.12024 0.54090 0.11798 0.44811 -0.11374
64.25000 0.58694 0.08933 0.40768 -0.08371 0.59956 0.07471 0.41294 -0.08937 0.59247 0.08383 0.39995 -0.07489
64.50000 0.61912 0.03659 0.37886 -0.02913 0.62316 0.01778 0.38075 -0.03658 0.62132 0.02914 0.37632 -0.01772
64.75000 0.62202 -0.02512 0.37977 0.03258 0.61656 -0.04348 0.37785 0.02516 0.62038 -0.03267 0.38300 0.04376
65.00000 0.59495 -0.08062 0.41017 0.08627 0.58140 -0.09405 0.40495 0.08071 0.58990 -0.08644 0.41834 0.09449
65.25000 0.54456 -0.11632 0.46260 0.11879 0.52630 -0.12157 0.45538 0.11642 0.53737 -0.11898 0.47367 0.12206
65.50000 0.48323 -0.12343 0.52420 0.12215 0.46475 -0.11929 0.51676 0.12354 0.47566 -0.12232 0.53544 0.11973
65.75000 0.42600 -0.10022 0.57986 0.09555 0.41183 -0.08777 0.57402 0.10032 0.41993 -0.09563 0.58852 0.08805
66.00000 0.38694 -0.05239 0.61592 0.04550 0.38051 -0.03473 0.61310 0.05246 0.38383 -0.04547 0.61991 0.03481
66.25000 0.37564 0.00832 0.62355 -0.01573 0.37846 0.02684 0.62441 -0.00829 0.37623 0.01586 0.62192 -0.02698
66.50000 0.39487 0.06703 0.60086 -0.07311 0.40619 0.08186 0.60517 -0.06702 0.39899 0.07333 0.59405 -0.08216
66.75000 0.43993 0.10930 0.55341 -0.11257 0.45693 0.11686 0.56009 -0.10931 0.44655 0.11285 0.54313 -0.11724
67.00000 0.49977 0.12477 0.49283 -0.12443 0.51824 0.12325 0.50022 -0.12478 0.50725 0.12470 0.48161 -0.12359
67.25000 0.55970 0.10961 0.43396 -0.10577 0.57513 0.09945 0.44027 -0.10961 0.56621 0.10597 0.42456 -0.09967
67.50000 0.60502 0.06754 0.39126 -0.06113 0.61366 0.05128 0.39494 -0.06751 0.60897 0.06125 0.38595 -0.05130
67.75000 0.62461 0.00886 0.37520 -0.00146 0.62438 -0.00950 0.37536 -0.00880 0.62505 0.00147 0.37525 0.00967
68.00000 0.61362 -0.05204 0.38973 0.05862 0.60465 -0.06799 0.38637 0.05213 0.61047 -0.05872 0.39511 0.06834
68.25000 0.57475 -0.10023 0.43133 0.10440 0.55927 -0.10989 0.42528 0.10033 0.56880 -0.10456 0.44067 0.11032
68.50000 0.51750 -0.12386 0.48981 0.12462 0.49934 -0.12492 0.48257 0.12395 0.51022 -0.12481 0.50082 0.12534
68.75000 0.45590 -0.11713 0.55086 0.11432 0.43951 -0.10937 0.54420 0.11720 0.44908 -0.11447 0.56083 0.10968
69.00000 0.40506 -0.08165 0.59951 0.07598 0.39443 -0.06703 0.59507 0.08168 0.40037 -0.07607 0.60602 0.06715
69.25000 0.37746 -0.02610 0.62384 0.01898 0.37515 -0.00823 0.62268 0.02609 0.37602 -0.01897 0.62531 0.00814
69.50000 0.37988 0.03591 0.61785 -0.04274 0.38641 0.05265 0.62023 -0.03597 0.38204 0.04283 0.61397 -0.05293
69.75000 0.41178 0.08919 0.58299 -0.09407 0.42549 0.10071 0.58831 -0.08928 0.41697 0.09421 0.57472 -0.10112
70.00000 0.46534 0.12065 0.52776 -0.12241 0.48286 0.12419 0.53471 -0.12077 0.47229 0.12257 0.51715 -0.12463
70.25000 0.52748 0.12258 0.46566 -0.12081 0.54449 0.11730 0.47253 -0.12269 0.53447 0.12093 0.45532 -0.11768
70.50000 0.58296 0.09445 0.41190 -0.08962 0.59532 0.08170 0.41702 -0.09455 0.58829 0.08967 0.40435 -0.08194
70.75000 0.61818 0.04314 0.37966 -0.03646 0.62291 0.02607 0.38178 -0.04321 0.62055 0.03640 0.37671 -0.02612
71.00000 0.62448 -0.01882 0.37683 0.02570 0.62046 -0.03602 0.37546 0.01877 0.62334 -0.02585 0.37920 0.03615
71.25000 0.60030 -0.07624 0.40416 0.08163 0.58856 -0.08938 0.39965 0.07623 0.59594 -0.08185 0.41122 0.08964
71.50000 0.55151 -0.11507 0.45498 0.11765 0.53496 -0.12096 0.44845 0.11507 0.54502 -0.11790 0.46499 0.12129
71.75000 0.49005 -0.12577 0.51688 0.12491 0.47275 -0.12302 0.50993 0.12578 0.48301 -0.12514 0.52738 0.12331
72.00000 0.43095 -0.10569 0.57471 0.10160 0.41711 -0.09502 0.56905 0.10569 0.42509 -0.10177 0.58314 0.09519
72.25000 0.38867 -0.05971 0.61434 0.05341 0.38166 -0.04376 0.61133 0.05969 0.38542 -0.05348 0.61865 0.04377
72.50000 0.37360 0.00094 0.62603 -0.00791 0.37508 0.01825 0.62640 -0.00098 0.37373 0.00794 0.62520 -0.01840
72.75000 0.38944 0.06142 0.60690 -0.06736 0.39901 0.07587 0.61053 -0.06147 0.39290 0.06749 0.60116 -0.07615
73.00000 0.43235 0.10694 0.56160 -0.11041 0.44763 0.11502 0.56760 -0.10699 0.43828 0.11060 0.55238 -0.11536
73.25000 0.49186 0.12634 0.50118 -0.12651 0.50908 0.12611 0.50807 -0.12638 0.49879 0.12671 0.49074 -0.12643
73.50000 0.55341 0.11484 0.44041 -0.11168 0.56838 0.10643 0.44650 -0.11486 0.55965 0.11186 0.43131 -0.10664
73.75000 0.60194 0.07525 0.39414 -0.06954 0.61103 0.06073 0.39795 -0.07523 0.60598 0.06965 0.38858 -0.06077
74.00000 0.62558 0.01722 0.37370 -0.01036 0.62660 0.00017 0.37432 -0.01716 0.62644 0.01039 0.37302 -0.00003
74.25000 0.61853 -0.04507 0.38410 0.05142 0.61128 -0.06048 0.38140 0.04517 0.61602 -0.05146 0.38844 0.06078
74.50000 0.58247 -0.09638 0.42284 0.10068 0.56877 -0.10641 0.41749 0.09650 0.57723 -0.10077 0.43110 0.10681
74.75000 0.52623 -0.12415 0.48046 0.12539 0.50945 -0.12639 0.47378 0.12428 0.51954 -0.12549 0.49062 0.12681
75.00000 0.46353 -0.12158 0.54289 0.11948 0.44777 -0.11553 0.53652 0.12170 0.45703 -0.11956 0.55247 0.11587
75.25000 0.40971 -0.08928 0.59489 0.08438 0.39881 -0.07646 0.59038 0.08937 0.40499 -0.08441 0.60155 0.07666
75.50000 0.37794 -0.03512 0.62374 0.02866 0.37451 -0.01870 0.62217 0.03518 0.37613 -0.02861 0.62588 0.01872
75.75000 0.37599 0.02765 0.62239 -0.03410 0.38083 0.04366 0.62412 -0.02764 0.37753 0.03422 0.61951 -0.04382
76.00000 0.40436 0.08370 0.59114 -0.08855 0.41624 0.09540 0.59574 -0.08372 0.40884 0.08871 0.58398 -0.09568
76.25000 0.45613 0.11932 0.53762 -0.12139 0.47212 0.12389 0.54395 -0.11937 0.46244 0.12157 0.52795 -0.12422
76.50000 0.51865 0.12578 0.47490 -0.12460 0.53482 0.12215 0.48140 -0.12584 0.52524 0.12474 0.46508 -0.12246
76.75000 0.57663 0.10151 0.41829 -0.09737 0.58906 0.09061 0.42339 -0.10157 0.58191 0.09744 0.41072 -0.09082
77.00000 0.61591 0.05242 0.38164 -0.04636 0.62158 0.03695 0.38409 -0.05246 0.61858 0.04634 0.37814 -0.03701
77.25000 0.62687 -0.00950 0.37389 0.01598 0.62446 -0.02575 0.37312 0.00947 0.62631 -0.01610 0.37529 0.02583
77.50000 0.60684 -0.06911 0.39694 0.07443 0.59697 -0.08218 0.39316 0.06909 0.60320 -0.07462 0.40287 0.08238
77.75000 0.56069 -0.11185 0.44517 0.11470 0.54582 -0.11857 0.43931 0.11183 0.55488 -0.11492 0.45415 0.11882
78.00000 0.49971 -0.12725 0.50679 0.12695 0.48349 -0.12604 0.50030 0.12724 0.49316 -0.12717 0.51662 0.12627
78.25000 0.43880 -0.11157 0.56676 0.10819 0.42518 -0.10277 0.56122 0.11154 0.43310 -0.10837 0.57504 0.10291
78.50000 0.39285 -0.06863 0.61042 0.06300 0.38513 -0.05442 0.60717 0.06858 0.38939 -0.06311 0.61515 0.05443
78.75000 0.37308 -0.00892 0.62711 0.00243 0.37310 0.00719 0.62692 0.00886 0.37269 -0.00244 0.62715 -0.00733
79.00000 0.38433 0.05295 0.61274 -0.05874 0.39204 0.06704 0.61565 -0.05302 0.38708 0.05881 0.60812 -0.06730
79.25000 0.42384 0.10187 0.57084 -0.10555 0.43731 0.11052 0.57611 -0.10194 0.42904 0.10568 0.56271 -0.11084
79.50000 0.48195 0.12588 0.51163 -0.12658 0.49786 0.12702 0.51798 -0.12593 0.48832 0.12673 0.50200 -0.12732
79.75000 0.54445 0.11912 0.44960 -0.11668 0.55892 0.11252 0.45545 -0.11914 0.55043 0.11682 0.44081 -0.11273
80.00000 0.59606 0.08324 0.39988 -0.07828 0.60557 0.07056 0.40383 -0.08323 0.60020 0.07838 0.39408 -0.07063
80.25000 0.62417 0.02703 0.37464 -0.02077 0.62644 0.01140 0.37573 -0.02699 0.62546 0.02080 0.37321 -0.01131
80.50000 0.62191 -0.03576 0.38002 0.04180 0.61644 -0.05052 0.37801 0.03584 0.62007 -0.04183 0.38329 0.05076
80.75000 0.58985 -0.08978 0.41471 0.09414 0.57801 -0.10008 0.41010 0.08988 0.58534 -0.09421 0.42185 0.10042
81.00000 0.53583 -0.12182 0.47023 0.12346 0.52056 -0.12518 0.46416 0.12194 0.52977 -0.12354 0.47947 0.12555
81.25000 0.47308 -0.12406 0.53299 0.12261 0.45811 -0.11971 0.52696 0.12417 0.46695 -0.12267 0.54207 0.12003
81.50000 0.41694 -0.09596 0.58766 0.09181 0.40592 -0.08501 0.58313 0.09605 0.41224 -0.09182 0.59438 0.08521
81.75000 0.38113 -0.04441 0.62089 0.03859 0.37672 -0.02957 0.61896 0.04446 0.37901 -0.03854 0.62362 0.02961
82.00000 0.37442 0.01799 0.62457 -0.02403 0.37765 0.03308 0.62568 -0.01797 0.37536 0.02413 0.62267 -0.03319
82.25000 0.39843 0.07596 0.59780 -0.08075 0.40845 0.08762 0.60167 -0.07597 0.40218 0.08088 0.59177 -0.08785
82.50000 0.44726 0.11532 0.54714 -0.11769 0.46161 0.12074 0.55281 -0.11536 0.45290 0.11784 0.53848 -0.12102
82.75000 0.50898 0.12646 0.48500 -0.12585 0.52412 0.12435 0.49107 -0.12652 0.51512 0.12597 0.47582 -0.12463
83.00000 0.56848 0.10666 0.42656 -0.10324 0.58071 0.09759 0.43155 -0.10672 0.57361 0.10330 0.41911 -0.09779
83.25000 0.61120 0.06078 0.38610 -0.05541 0.61757 0.04700 0.38881 -0.06084 0.61408 0.05539 0.38220 -0.04708
83.50000 0.62670 0.00005 0.37352 0.00595 0.62569 -0.01505 0.37329 -0.00009 0.62664 -0.00605 0.37408 0.01509
83.75000 0.61119 -0.06067 0.39188 0.06581 0.60310 -0.07340 0.38879 0.06063 0.60824 -0.06597 0.39673 0.07354
84.00000 0.56850 -0.10651 0.43666 0.10954 0.55534 -0.11379 0.43149 0.10649 0.56337 -0.10974 0.44460 0.11399
84.25000 0.50906 -0.12628 0.49691 0.12646 0.49407 -0.12636 0.49093 0.12626 0.50304 -0.12666 0.50598 0.12656
84.50000 0.44744 -0.11514 0.55789 0.11244 0.43429 -0.10805 0.55256 0.11512 0.44199 -0.11259 0.56587 0.10819
84.75000 0.39871 -0.07584 0.60467 0.07091 0.39059 -0.06335 0.60129 0.07581 0.39515 -0.07100 0.60962 0.06339
85.00000 0.37479 -0.01800 0.62582 0.01206 0.37365 -0.00320 0.62520 0.01796 0.37399 -0.01207 0.62656 0.00311
85.25000 0.38152 0.04422 0.61618 -0.04971 0.38759 0.05771 0.61846 -0.04426 0.38365 0.04978 0.61255 -0.05790
85.50000 0.41724 0.09558 0.57812 -0.09930 0.42900 0.10448 0.58271 -0.09561 0.42176 0.09943 0.57103 -0.10472
85.75000 0.47320 0.12352 0.52095 -0.12457 0.48774 0.12569 0.52674 -0.12354 0.47900 0.12472 0.51216 -0.12593
86.00000 0.53569 0.12121 0.45869 -0.11935 0.54945 0.11617 0.46424 -0.12121 0.54134 0.11950 0.45034 -0.11634
86.25000 0.58941 0.08924 0.40655 -0.08492 0.59904 0.07825 0.41051 -0.08921 0.59353 0.08504 0.40069 -0.07830
86.50000 0.62122 0.03543 0.37729 -0.02973 0.62439 0.02122 0.37871 -0.03537 0.62282 0.02979 0.37533 -0.02114
86.75000 0.62333 -0.02703 0.37808 0.03273 0.61932 -0.04098 0.37662 0.02711 0.62203 -0.03273 0.38047 0.04118
87.00000 0.59525 -0.08284 0.40870 0.08715 0.58507 -0.09312 0.40474 0.08294 0.59139 -0.08720 0.41483 0.09341
87.25000 0.54385 -0.11834 0.46165 0.12024 0.53003 -0.12248 0.45618 0.11844 0.53839 -0.12031 0.47001 0.12279
87.50000 0.48173 -0.12485 0.52398 0.12389 0.46766 -0.12186 0.51833 0.12494 0.47601 -0.12396 0.53251 0.12213
87.75000 0.42411 -0.10078 0.58043 0.09722 0.41323 -0.09144 0.57598 0.10084 0.41953 -0.09727 0.58704 0.09160
88.00000 0.38509 -0.05204 0.61717 0.04677 0.38003 -0.03866 0.61501 0.05206 0.38276 -0.04677 0.62027 0.03869
88.25000 0.37423 0.00944 0.62524 -0.01512 0.37620 0.02356 0.62587 -0.00946 0.37471 0.01516 0.62409 -0.02368
88.50000 0.39417 0.06860 0.60265 -0.07330 0.40264 0.08001 0.60591 -0.06865 0.39733 0.07337 0.59756 -0.08024
88.75000 0.44004 0.11094 0.55494 -0.11352 0.45291 0.11687 0.56002 -0.11101 0.44508 0.11361 0.54717 -0.11716
89.00000 0.50058 0.12610 0.49380 -0.12595 0.51468 0.12514 0.49944 -0.12618 0.50627 0.12602 0.48526 -0.12542
89.25000 0.56098 0.11037 0.43418 -0.10755 0.57286 0.10279 0.43901 -0.11045 0.56592 0.10758 0.42696 -0.10301
89.50000 0.60644 0.06760 0.39068 -0.06282 0.61319 0.05529 0.39353 -0.06767 0.60940 0.06280 0.38653 -0.05540
89.75000 0.62582 0.00828 0.37396 -0.00273 0.62587 -0.00573 0.37413 -0.00833 0.62615 0.00265 0.37388 0.00575
90.00000 0.61438 -0.05307 0.38809 0.05803 0.60772 -0.06536 0.38556 0.05305 0.61197 -0.05815 0.39208 0.06548
90.25000 0.57492 -0.10142 0.42961 0.10457 0.56323 -0.10899 0.42502 0.10142 0.57039 -0.10472 0.43667 0.10919
90.50000 0.51712 -0.12493 0.48837 0.12551 0.50326 -0.12596 0.48284 0.12495 0.51157 -0.12565 0.49675 0.12618
90.75000 0.45512 -0.11784 0.54998 0.11572 0.44250 -0.11212 0.54487 0.11788 0.44993 -0.11581 0.55763 0.11230
91.00000 0.40413 -0.08189 0.59940 0.07761 0.39584 -0.07085 0.59594 0.08193 0.40058 -0.07763 0.60447 0.07095
91.25000 0.37653 -0.02587 0.62428 0.02048 0.37451 -0.01223 0.62336 0.02591 0.37541 -0.02043 0.62553 0.01224
91.50000 0.37925 0.03649 0.61892 -0.04165 0.38401 0.04938 0.62070 -0.03645 0.38088 0.04177 0.61607 -0.04946
91.75000 0.41152 0.08992 0.58439 -0.09358 0.42185 0.09892 0.58844 -0.08988 0.41547 0.09376 0.57816 -0.09905
92.00000 0.46546 0.12134 0.52918 -0.12259 0.47880 0.12427 0.53450 -0.12129 0.47075 0.12280 0.52112 -0.12441
92.25000 0.52787 0.12305 0.46681 -0.12159 0.54092 0.11922 0.47210 -0.12299 0.53317 0.12178 0.45888 -0.11932
92.50000 0.58346 0.09463 0.41253 -0.09079 0.59296 0.08500 0.41653 -0.09455 0.58741 0.09095 0.40667 -0.08501
92.75000 0.61862 0.04305 0.37986 -0.03781 0.62281 0.03007 0.38139 -0.04293 0.62078 0.03795 0.37749 -0.02995
93.00000 0.62474 -0.01908 0.37636 0.02453 0.62200 -0.03231 0.37531 0.01922 0.62399 -0.02445 0.37805 0.03254
93.25000 0.60033 -0.07654 0.40325 0.08088 0.59161 -0.08676 0.39979 0.07671 0.59710 -0.08083 0.40856 0.08708
93.50000 0.55138 -0.11524 0.45390 0.11746 0.53888 -0.11998 0.44885 0.11544 0.54652 -0.11742 0.46152 0.12035
93.75000 0.48991 -0.12572 0.51600 0.12534 0.47676 -0.12385 0.51056 0.12595 0.48468 -0.12526 0.52405 0.12423
94.00000 0.43114 -0.10543 0.57470 0.10261 0.42071 -0.09745 0.57006 0.10570 0.42697 -0.10247 0.58122 0.09779
94.25000 0.33346 -0.05072 0.49464 0.04879 0.29806 -0.03852 0.52477 0.05100 0.30051 -0.04464 0.49777 0.04237
94.50000 0.37310 0.00164 0.62440 -0.00647 0.37359 0.01486 0.62512 -0.00123 0.37275 0.00695 0.62388 -0.01449
94.75000 0.38948 0.06201 0.60635 -0.06593 0.39631 0.07309 0.60944 -0.06148 0.39179 0.06656 0.60205 -0.07271
95.00000 0.43266 0.10731 0.56159 -0.10915 0.44386 0.11352 0.56650 -0.10662 0.43679 0.10996 0.55458 -0.11303
95.25000 0.49224 0.12645 0.50139 -0.12550 0.50478 0.12623 0.50709 -0.12554 0.49689 0.12650 0.49341 -0.12554
95.50000 0.55370 0.11476 0.44042 -0.11084 0.56377 0.10803 0.44582 -0.11356 0.55701 0.11203 0.43341 -0.10707
95.75000 0.60204 0.07510 0.39068 -0.06777 0.59882 0.06221 0.39777 -0.07354 0.59494 0.06875 0.38641 -0.06125
96.00000 0.62549 0.01722 0.37583 -0.01027 0.63052 0.00445 0.37480 -0.01521 0.63021 0.01240 0.37523 -0.00229
96.25000 0.61840 -0.04468 0.38574 0.05204 0.61540 -0.05664 0.38268 0.04725 0.61892 -0.04957 0.38901 0.05929
96.50000 0.58272 -0.09542 0.42500 0.10197 0.57450 -0.10349 0.41980 0.09866 0.58096 -0.09897 0.43134 0.10676
96.75000 0.52761 -0.12256 0.48448 0.12764 0.51729 -0.12483 0.47772 0.12662 0.52512 -0.12396 0.49233 0.12880
97.00000 0.46788 -0.11957 0.55236 0.12310 0.45960 -0.11563 0.54431 0.12464 0.46692 -0.11863 0.55982 0.12035
97.25000 0.42764 -0.08844 0.63290 0.09073 0.43079 -0.07948 0.61813 0.09493 0.43598 -0.08583 0.63822 0.08459
97.50000 0.35380 -0.02741 0.56795 0.03144 0.33685 -0.01592 0.58222 0.03457 0.33809 -0.02293 0.56962 0.02421
97.75000 0.36795 0.03353 0.59990 -0.02783 0.36522 0.04433 0.60784 -0.02435 0.36286 0.03725 0.59781 -0.03518
98.00000 0.39994 0.08946 0.57493 -0.08008 0.40290 0.09639 0.58389 -0.07811 0.39743 0.09130 0.56958 -0.08552
98.25000 0.45358 0.12523 0.52381 -0.11053 0.45765 0.12576 0.53444 -0.11126 0.45047 0.12392 0.51655 -0.11273
98.50000 0.51743 0.13211 0.46121 -0.11065 0.51541 0.12461 0.47409 -0.11497 0.50839 0.12641 0.45389 -0.10914
98.75000 0.57671 0.10864 0.39693 -0.07774 0.54585 0.09041 0.41883 -0.08767 0.54104 0.09496 0.39151 -0.07322
99.00000 0.61773 0.06087 0.43817 -0.04564 0.78515 0.07677 0.38330 -0.03523 0.78079 0.08815 0.43499 -0.03595
99.25000 0.63157 0.00084 0.39393 0.03446 0.67059 -0.00941 0.37777 0.03047 0.67201 -0.00089 0.39516 0.04268
99.50000 0.61670 -0.05638 0.42278 0.09978 0.63984 -0.06751 0.40625 0.09468 0.64502 -0.06091 0.42769 0.10629
99.75000 0.58042 -0.09643 0.48900 0.14803 0.60013 -0.10462 0.46718 0.14361 0.60788 -0.10129 0.49646 0.15139
100.00000 0.54113 -0.10952 0.59430 0.17196 0.56977 -0.11306 0.56009 0.16896 0.57853 -0.11385 0.60266 0.17129
